Camera Properties:
	Pos = { -4.51692, 5.0723, -10.5654 }
	Pitch = 0.324627	Yaw = 6.97782