Camera Properties:
	Pos = { -3.87785, 4.9143, -10.0178 }
	Pitch = 0.39095	Yaw = 6.92196